32
35
37
42
43
45
46
47
48
49
50
51
52
53
54
55
56
57
94
95
103
109
123
124
125
126
160
820
821
822
823
824
825
826
827
828
829
1470
1471
1472
1473
1474
1475
1476
1477
1478
1479
3900
3901
3902
3903
3904
3905
3906
3907
3908
3909
8210
8211
8212
8213
8214
8215
8216
8217
8218
8219
8680
8681
8682
8683
8684
8685
8686
8687
8688
8689
8902
8942
8943
8944
8945
9004
9053
9115
9118
9120
9121
9122
9123
9124
9125
9126
9127
9128
9129
9540
9541
9542
9543
9544
9545
9546
9547
9548
9549
9552
9556
9562
9565
9571
9573
9574
9575
9576
9577
9578
9579
9580
9581
9582
9583
9584
9585
9586
9587
9588
9589
9590
9591
9592
9593
9594
9595
9596
9597
9598
9599
9600
9601
9602
9603
9604
9605
9606
9607
9608
9609
9610
9611
9612
9613
9614
9615
9616
9617
9618
9619
9620
9621
9622
9623
9624
9625
9626
9627
9628
9629
9630
9631
9639
9641
9705
9706
9733
9734
9742
9812
9813
9814
9815
9816
9817
9818
9819
9820
9821
9825
9829
9873
9926
9939
9963
9969
9998
10007
10048
10155
10224
10830
10991
11034
12162
22478
50669
51648
77945
78223
120186
120195
127024
127778
127783
127956
127968
128328
128369
128423
128427
128435
128449
128456
128458
128477
128480
128481
128919
128995
142080
142081
142082
142083
142084
142085
142086
142087
142088
142089
142090
142091
142092
142093
142094
142990
142991
142992
142993
142994
142995
142996
142997
142998
142999
143010
143011
143012
143013
143014
143015
143016
143017
143018
143019
143030
143031
143032
143033
143034
143035
143036
143037
143038
143039
143345
143346
143347
143348
143349
143350
143351
143352
143353
143354
143672
143673
143674
143675
143676
143677
143678
143679
143680
143681
143682
143683
143684
143685
143686
143687
143688
143689
143690
143691
143692
143693
143694
143695
143696
143697
143698
143699
143700
143701
143702
143703
143704
143705
143706
143707
143708
143709
143710
143711
143762
143763
143764
143765
143766
143767
143768
143769
143770
143771
143790
143791
143792
143793
143794
143795
143796
143797
143798
143799
143810
143811
143812
143813
143814
143815
143816
143817
143818
143819
